<?xml version="1.0"?>
<opencv_storage>
<calibration_Time>"2019年07月15日 星期一 13时03分15秒"</calibration_Time>
<nrOfFrames>25</nrOfFrames>
<image_Width>752</image_Width>
<image_Height>480</image_Height>
<board_Width>7</board_Width>
<board_Height>7</board_Height>
<square_Size>2.5500000000000000e+01</square_Size>
<FixAspectRatio>1.</FixAspectRatio>
<!-- flags:  +fix_aspectRatio +fix_principal_point +zero_tangent_dist -->
<flagValue>14</flagValue>
<Camera_Matrix type_id="opencv-matrix">
  <rows>3</rows>
  <cols>3</cols>
  <dt>d</dt>
  <data>
    763.1537 0. 360.2936 0.764.3677 278.2236 0. 0.
    1.</data></Camera_Matrix>
<Distortion_Coefficients type_id="opencv-matrix">
  <rows>5</rows>
  <cols>1</cols>
  <dt>d</dt>
  <data>
    -0.4010 0.2756 0. 0.
    0</data></Distortion_Coefficients>
<Avg_Reprojection_Error>2.8176234515253162e-01</Avg_Reprojection_Error>
<Per_View_Reprojection_Errors type_id="opencv-matrix">
  <rows>25</rows>
  <cols>1</cols>
  <dt>f</dt>
  <data>
    5.43806076e-01 2.16440141e-01 1.98342755e-01 2.42489457e-01
    1.96409449e-01 3.90405506e-01 2.68624157e-01 2.48356447e-01
    3.97535741e-01 3.11077625e-01 3.46218258e-01 3.04443747e-01
    2.17037484e-01 2.61510223e-01 3.59300852e-01 2.28406727e-01
    1.82892621e-01 1.79462627e-01 1.82608038e-01 3.12977731e-01
    1.42657474e-01 3.73503208e-01 2.31132135e-01 1.42688334e-01
    1.56503603e-01</data></Per_View_Reprojection_Errors>
<!-- a set of 6-tuples (rotation vector + translation vector) for each view -->
<Extrinsic_Parameters type_id="opencv-matrix">
  <rows>25</rows>
  <cols>6</cols>
  <dt>d</dt>
  <data>
    -5.3753374771017208e-02 -1.9973674901012827e-02
    9.2538233642583012e-02 -3.8773456019826604e+01
    -1.8575739716565056e+02 7.0583246873939095e+02
    -3.3168840243981736e-02 -1.4735219496274629e-01
    1.7588001758030744e-01 -3.5324106322739958e+01
    -1.0341403811759778e+02 7.0112645929757946e+02
    -3.9293999836298686e-02 -3.0989290680723547e-01
    6.4904525311592021e-01 -1.7350047733660567e+01
    -1.5785651928823665e+02 7.3123310345349000e+02
    -1.0853695232429819e-01 -2.3855132581768176e-01
    3.0297131239946520e+00 1.3018439675836029e+02
    -1.4522821255753520e+00 7.7890975692872303e+02
    -3.8150069279813736e-02 -2.3476781195605517e-01
    9.8356486131712284e-01 9.1002800602495171e+01
    -2.0480409870478897e+02 7.6194218937480946e+02
    -4.4504997847066413e-01 -7.8170602066702255e-01
    1.2525534287062317e+00 -2.8945039721223207e+01
    -1.6880905365599963e+02 7.7203172342157904e+02
    3.2218482199007820e-01 2.0933748808938463e-01 1.5211584261474596e+00
    9.9044897352748492e+01 -1.5815378094413941e+02
    7.3328376564218922e+02 -9.0799764025388663e-01
    1.4979819855908325e-01 -2.9729005172053609e+00
    2.7035665401040660e+02 -1.5086681779141024e+01
    7.2597643791478208e+02 6.8842166031352636e-01
    -1.8636205878505854e-01 2.9041913938002808e+00
    3.4345457667447386e+02 3.2827544770882156e+01 6.9700472580345456e+02
    -4.7071165471225174e-01 9.0698530238632002e-02
    8.6712668967857093e-02 9.9809074624535342e+01
    -1.8966921051363101e+02 8.4973040082386592e+02
    -4.0543989011736836e-01 -4.4552372013138769e-01
    -1.0774788246279664e-01 -4.9061974194473173e+01
    -1.7993253135541008e+02 8.0560377152402498e+02
    -1.7731558925208424e-01 -5.3290431970755481e-01
    2.0256275229430291e-02 -1.7982308892635297e+02
    -2.5766284438398242e+02 8.7463464600061116e+02
    -5.8282937905364551e-01 -4.5713210289013995e-01
    1.2564981246518918e+00 -2.9333014108189445e+02
    -1.3823403061739168e+02 9.6881762028869150e+02
    -2.8204168037618960e-01 -2.3809335525397568e-01
    1.4813454879222088e+00 -3.5827617091336140e+02
    -1.5375767293799785e+02 1.0321393160840337e+03
    -1.6953437337493243e-02 -3.2912655682328684e-01
    8.0014305168333490e-03 -4.4131835964087247e+02
    -1.5634516727693870e+02 8.7073831533947714e+02
    2.9210663295116332e-02 -1.5828065598478028e-01
    5.3897248996947103e-02 -1.9151399669624888e+02
    -1.0110469099918542e+02 9.1628524076655742e+02
    2.6729558008127702e-01 -1.3910073622594854e-01
    3.1031264617908896e+00 1.6891148478590853e+02 5.7972390194789689e+01
    9.1935196409117077e+02 4.3787297785665528e-02 3.7455847124678823e-02
    3.0450025597279278e+00 2.7288648004735114e+02
    -3.8220975692467327e+01 9.9482439804555941e+02
    2.4986805126423767e-01 2.7601932450905864e-01 3.0990971623577952e+00
    2.4909376886138975e+02 2.5126283306293015e+01 1.0115091899429376e+03
    -3.9591313560214253e-01 2.6776375559742915e-01
    1.1969458530468189e+00 -3.3444117242333682e+01
    -1.3060706457565809e+02 1.1181717798072395e+03
    -1.8382124894163424e-01 -1.3823452246081552e-01
    1.2323187338638291e+00 -5.7485408389559403e+01
    -1.2584844390097460e+02 1.1571305963860104e+03
    -4.0755093341884685e-01 -5.7876129093814188e-01
    1.0600334091450747e+00 -1.5719106390223297e+02
    -1.5175417622207752e+02 1.1806018154584604e+03
    -4.3125537273760600e-01 -4.9369380898162274e-01
    1.2878404191335104e+00 -1.0348276196209123e+02
    -1.2939688140444019e+02 1.1289331544435945e+03
    -1.7598835178343988e-01 -2.6342139592014574e-01
    1.4387089745243820e+00 -2.8753267007706011e+01
    -1.0780048964455544e+02 1.1339504020333068e+03
    1.3457280869836813e-01 1.7544811765540794e-02 1.4763486728363215e+00
    1.0008816670199872e+02 -1.0128600832395810e+02
    1.1607323113278048e+03</data></Extrinsic_Parameters>
