<?xml version="1.0"?>
<opencv_storage>
<calibration_Time>"2019年07月28日 星期日 05时40分26秒"</calibration_Time>
<nrOfFrames>25</nrOfFrames>
<image_Width>752</image_Width>
<image_Height>480</image_Height>
<board_Width>7</board_Width>
<board_Height>7</board_Height>
<square_Size>2.5500000000000000e+01</square_Size>
<FixAspectRatio>1.</FixAspectRatio>
<!-- flags:  +fix_aspectRatio +fix_principal_point +zero_tangent_dist -->
<flagValue>14</flagValue>
<Camera_Matrix type_id="opencv-matrix">
  <rows>3</rows>
  <cols>3</cols>
  <dt>d</dt>
  <data>
    7.9939565924625208e+02 0. 376. 0. 7.9939565924625208e+02 240. 0. 0.
    1.</data></Camera_Matrix>
<Distortion_Coefficients type_id="opencv-matrix">
  <rows>5</rows>
  <cols>1</cols>
  <dt>d</dt>
  <data>
    -3.1150220351511487e-01 -1.0097764089933150e+00 0. 0.
    7.1184897979630586e+00</data></Distortion_Coefficients>
<Avg_Reprojection_Error>5.8613986556489439e-01</Avg_Reprojection_Error>
<Per_View_Reprojection_Errors type_id="opencv-matrix">
  <rows>25</rows>
  <cols>1</cols>
  <dt>f</dt>
  <data>
    1.62286922e-01 1.36272699e-01 1.57138333e-01 1.32185057e-01
    1.22763149e-01 1.34019032e-01 1.53356284e-01 2.23144218e-01
    2.07937047e-01 1.86175242e-01 1.72095358e-01 2.17178464e-01
    1.39800578e-01 1.22929655e-01 1.33867711e-01 1.13846488e-01
    2.82402205e+00 1.62538737e-01 1.55069694e-01 1.41713917e-01
    1.46150544e-01 1.48157924e-01 1.61686584e-01 1.51921973e-01
    1.92823172e-01</data></Per_View_Reprojection_Errors>
<!-- a set of 6-tuples (rotation vector + translation vector) for each view -->
<Extrinsic_Parameters type_id="opencv-matrix">
  <rows>25</rows>
  <cols>6</cols>
  <dt>d</dt>
  <data>
    -4.9330837371507411e-02 1.1629960777999791e-01
    3.1146531886014528e+00 5.6919597678934579e+01 1.1111549809340208e+02
    8.9580957926942233e+02 -2.7737750195240735e-01
    -4.8820643053639735e-02 3.1112219595249979e-01
    -9.0283800338338281e+01 -8.6449148860038733e+01
    8.8915236288583196e+02 -5.5228390871132560e-01
    -1.5560118919929769e-01 6.8346820820789722e-01
    -5.1946952009442754e+01 -7.7183031565053469e+01
    8.3012663322662775e+02 -3.8617561903131914e-01
    -1.4496166835325960e-01 -8.9507028363702643e-03
    -9.0341245589146453e+01 -5.7780373446126752e+01
    7.9056116134172771e+02 -2.6408506276716232e-01
    3.1154364282173669e-01 7.2850823136843712e-01 1.5974915175291271e+00
    -7.1425998377397107e+01 8.1461941779641597e+02
    -6.7150879698214838e-01 -1.7164473677942368e-01
    1.2800737490415506e-01 -7.5931029218832492e+01
    -7.1983752124366916e+01 8.3659563372003595e+02
    -6.8107343055702352e-01 -2.7673089000018486e-01
    8.8804308991017944e-01 1.0325770214096972e+01
    -9.2791803106750805e+01 7.8587903514541301e+02
    -3.5241469614747478e-01 -3.1644630990657181e-02
    -1.4547507410396964e-02 -6.9167640685362272e+01
    -2.7499799506525900e+01 5.3193701724960647e+02
    -4.6571225785447418e-01 -6.4368477454572040e-02
    -1.5924932457119227e-02 -7.6537094399858574e+01
    -8.0721231326500089e+01 5.3289621027659211e+02
    -5.0543044224738654e-01 9.6972465811466013e-01
    2.5484658138807661e+00 9.9906230002621584e+01 2.8255750747604548e+01
    5.0194638389378474e+02 -7.0377035667478749e-01
    -5.6117216268786052e-01 -1.2342021751616885e+00
    -1.1882841107865237e+02 2.2876406154300742e+01
    4.8976894264153373e+02 -9.4810674791890814e-01
    -2.5275407912416697e-01 6.9128963525146170e-01
    -2.3470318892262856e+01 -8.9612816132143493e+01
    6.7595764706565933e+02 -6.9116572254652375e-01
    -9.4543202845938965e-02 -3.1652692054264076e-02
    -1.1998926020378090e+02 -5.6109254086511399e+01
    8.1814575779121333e+02 -6.3273708186742406e-01
    7.7520694894828837e-02 9.8775304093666205e-01 1.7771798932277399e+01
    -8.3610927986733870e+01 7.9952605297726177e+02
    -5.5581767488862277e-01 -1.4201532916920226e-01
    3.5750180778491769e-01 -9.0233146079492144e+01
    -1.0658027740659695e+02 7.8528113550604337e+02
    -5.0574013273151708e-01 -1.9840578783633764e-01
    2.7624317686250899e-01 -6.4898852464935928e+01
    -1.1722549777247345e+02 8.9606427157535165e+02
    -4.0853678127957094e-01 -8.2928503178757718e-01
    1.0854695043980345e-02 -6.3920270936201675e+01
    -8.6413232192783667e+01 8.1813074383186836e+02
    -4.0174214105216927e-01 -1.6650750623406657e-01
    5.2062646305354961e-02 -1.0552611817794723e+02
    -3.7071478332419154e+01 6.7749236194019272e+02
    -3.5851887236392621e-01 3.4486534182090234e-01
    9.3737341201287083e-01 2.7183426412714603e+01
    -5.7282472701910315e+01 6.8676818527059379e+02
    -8.0239955487844083e-01 -2.3480049182661730e-01
    2.3875379979425435e-01 -8.0154017934157721e+01
    -7.7966769926894600e+01 6.7362112016686342e+02
    -7.5897393465222773e-01 -3.3887300605471349e-01
    6.2705121956361010e-01 -3.1108880771366913e+01
    -1.0022281344237861e+02 6.8888135592793094e+02
    -6.4832033414395951e-01 3.6810426458842277e-01
    1.3090539966822010e+00 6.4548234136260419e+01
    -5.2546231945998578e+01 7.0742991008176887e+02
    -3.4270921427397488e-01 4.6795895648513003e-01
    7.0380833585045088e-01 3.6119839821239445e+01
    -6.5249167514004583e+01 7.3198265477624170e+02
    -5.9729572196206637e-01 -2.2274308950203831e-01
    1.3161485819703375e-01 -6.5555795316497054e+01
    -7.5059838282494056e+01 6.6525228672743947e+02
    -1.3458108564653515e-01 -4.8455102215342140e-02
    3.9583865156418774e-01 -7.9224515995058042e+01
    -1.1791126586386845e+02 6.8006607919740759e+02</data></Extrinsic_Parameters>
