%YAML:1.0
---
Q_pitch: 0
Q_yaw: 0
R_pitch: 90498
R_yaw: 91266
R_pitch_v: 36893
R_yaw_v: 35981
